%%MatrixMarket matrix coordinate real general
% Generated 12-Sep-2023
499 499 1662
1 1 -318.4713375796179
2 1  318.4713375796179
3 2  336.9169367086645
4 2 -284.2524161455373
61 2 -38.31711242240785
478 2 -14.34740814071938
3 3 -284.2524161455373
4 3  284.2524161455373
5 4  344.5646739717957
6 4 -280.6623631770979
315 4 -42.58943781942078
400 4 -21.31287297527707
5 5 -280.6623631770979
6 5  280.6623631770979
7 6  364.6258846231178
8 6 -77.51937984496124
9 6 -146.8428781204112
231 6 -67.53106428957321
261 6 -72.73256236817222
7 7 -77.51937984496124
8 7  158.2197971369256
286 7 -27.94388867154753
456 7 -52.75652862041678
7 8 -146.8428781204112
9 8  146.8428781204112
10 9  423.565657214412
11 9 -312.4023742580444
341 9 -36.86907790436161
348 9 -74.29420505200595
10 10 -312.4023742580444
11 10  312.4023742580444
12 11  459.1092221759669
13 11 -319.0810465858328
215 11 -26.28259041211102
303 11 -47.18984474541078
440 11 -66.55574043261231
12 12 -319.0810465858328
13 12  319.0810465858328
14 13  770.6590810045881
15 13 -89.12655971479501
16 13 -83.19467554076539
17 13 -19.55034213098729
385 13 -439.7054452035758
14 14 -89.12655971479501
15 14  245.2921372275291
90 14 -21.69903439296951
229 14 -9.559589702409973
366 14 -54.30060816681147
368 14 -58.78894767783656
472 14 -11.81739757270654
14 15 -83.19467554076539
16 15  83.19467554076539
14 16 -139.0820584144645
14 17 -19.55034213098729
17 17  19.55034213098729
18 18  371.698144397618
19 18 -257.3340195573855
111 18 -22.0531480868894
192 18 -46.89771608122684
271 18 -45.41326067211625
18 19 -257.3340195573855
19 19  257.3340195573855
20 20  384.9014651456114
21 20 -315.059861373661
111 20 -20.45157068062827
195 20 -49.39003309132217
20 21 -315.059861373661
21 21  315.059861373661
22 22  704.019971146535
23 22 -56.68934240362812
150 22 -383.5826620636747
385 22 -41.92696323005325
463 22 -79.79572294924992
470 22 -142.025280499929
22 23 -56.68934240362812
23 23  693.5960100199048
24 23 -275.5580049600441
25 23 -268.1684097613301
209 23 -49.15454187966968
359 23 -44.02571101523289
23 24 -275.5580049600441
24 24  275.5580049600441
23 25 -268.1684097613301
25 25  268.1684097613301
26 26  303.2558133550757
27 26 -252.3340903356043
67 26 -18.57182653914013
381 26 -32.34989648033127
26 27 -252.3340903356043
27 27  252.3340903356043
28 28  365.9270734629951
29 28 -303.2140691328078
453 28 -44.13841807909605
490 28 -18.57458625109125
28 29 -303.2140691328078
29 29  303.2140691328078
30 30  395.5715240764346
31 30 -291.6302128900554
84 30 -19.63633507442171
103 30 -18.84587840639252
188 30 -18.24817518248175
204 30 -13.35666297132324
217 30 -12.58716612541852
266 30 -21.26709342634142
30 31 -291.6302128900554
31 31  291.6302128900554
32 32  338.9532208544513
33 32 -304.5066991473813
82 32 -19.69899929083603
111 32 -14.74752241623407
32 33 -304.5066991473813
33 33  304.5066991473813
34 34  375.505819094391
35 34 -330.03300330033
190 34 -26.99638248474704
398 34 -18.47643330931397
34 35 -330.03300330033
35 35  330.03300330033
36 36  366.4861516801951
37 36 -261.5746795710175
75 36 -70.64142413111048
175 36 -34.27004797806717
36 37 -261.5746795710175
37 37  261.5746795710175
38 38  357.3106027723588
39 38 -39.51007506914263
331 38 -172.8309713100587
427 38 -144.9695563931574
38 39 -39.51007506914263
39 39  331.8968886072864
40 39 -254.9069589599796
130 39 -37.47985457816424
39 40 -254.9069589599796
40 40  254.9069589599796
41 41  383.901059164698
42 41 -320.6155819172812
80 41 -46.16805170821792
190 41 -17.1174255391989
41 42 -320.6155819172812
42 42  320.6155819172812
1 43 -19.89772568995364
43 43  329.6796190364847
44 43 -257.9979360165119
199 43 -51.78395733001916
43 44 -257.9979360165119
44 44  257.9979360165119
45 45  338.5022139137596
46 45 -289.5193977996526
155 45 -15.75249677073816
237 45 -33.23031934336889
45 46 -289.5193977996526
46 46  289.5193977996526
47 47  627.9397575859358
48 47 -3.590277528452949
49 47 -6.11396429444852
50 47 -272.3311546840958
51 47 -299.2220227408737
357 47 -24.22304580577962
418 47 -22.45929253228523
47 48 -3.590277528452949
48 48  3.590277528452949
47 49 -6.11396429444852
49 49  6.11396429444852
47 50 -272.3311546840958
50 50  272.3311546840958
47 51 -299.2220227408737
51 51  299.2220227408737
52 52  442.1726563686614
53 52 -326.6906239790918
232 52 -46.15313610559838
275 52 -69.32889628397116
52 53 -326.6906239790918
53 53  326.6906239790918
54 54  350.4974363570009
55 54 -302.1148036253776
65 54 -24.05291641611545
499 54 -24.32971631550776
54 55 -302.1148036253776
55 55  302.1148036253776
56 56  269.0457297924859
57 56 -113.5073779795687
122 56 -40.93830597289884
439 56 -114.6000458400183
56 57 -113.5073779795687
57 57  499.5198328420392
58 57 -259.8752598752599
252 57 -22.97794117647059
321 57 -103.1592538107401
57 58 -259.8752598752599
58 58  259.8752598752599
59 59  390.9492438744237
60 59 -284.2524161455373
130 59 -54.92091388400704
465 59 -51.77591384487936
59 60 -284.2524161455373
60 60  284.2524161455373
3 61 -38.31711242240785
61 61  383.2952195192693
62 61 -6.115085916957133
63 61 -305.4367745876604
286 61 -19.09672491167765
456 61 -14.3295216805663
61 62 -6.115085916957133
62 62  6.115085916957133
61 63 -305.4367745876604
63 63  305.4367745876604
64 64  180.7927599593247
65 64 -32.38341968911917
79 64 -72.60582298700355
296 64 -75.80351728320194
54 65 -24.05291641611545
64 65 -32.38341968911917
65 65  368.6472504260953
66 65 -297.7076510866329
307 65 -14.5032632342277
65 66 -297.7076510866329
66 66  297.7076510866329
26 67 -18.57182653914013
67 67  350.7801965983481
68 67 -250.1250625312657
294 67 -24.39321868520551
313 67 -57.69008884273682
67 68 -250.1250625312657
68 68  250.1250625312657
69 69  126.1792337139026
70 69 -22.3613595706619
71 69 -6.905600441958429
72 69 -3.66260117935758
215 69 -41.99916001679966
489 69 -51.25051250512504
69 70 -22.3613595706619
70 70  22.3613595706619
69 71 -6.905600441958429
71 71  6.905600441958429
69 72 -3.66260117935758
72 72  3.66260117935758
73 73  342.5687707158206
74 73 -299.4908655286014
188 73 -18.48975667480216
239 73 -24.58814851241702
73 74 -299.4908655286014
74 74  299.4908655286014
36 75 -70.64142413111048
75 75  424.237132405575
76 75 -301.8412315122246
451 75 -51.75447676223994
75 76 -301.8412315122246
76 76  301.8412315122246
77 77  369.2698363077259
78 77 -304.9710277523636
327 77 -20.06863473077927
386 77 -44.23017382458313
77 78 -304.9710277523636
78 78  304.9710277523636
64 79 -72.60582298700355
79 79  225.8353067424261
80 79 -28.72737719046251
81 79 -32.123353678124
406 79 -92.37875288683603
41 80 -46.16805170821792
79 80 -28.72737719046251
80 80  112.759874184557
148 80 -37.86444528587656
79 81 -32.123353678124
81 81  32.123353678124
32 82 -19.69899929083603
82 82  318.6004542330427
83 82 -273.5978112175103
341 82 -25.30364372469636
82 83 -273.5978112175103
83 83  273.5978112175103
30 84 -19.63633507442171
84 84  300.6905235964071
85 84 -256.3445270443476
271 84 -24.70966147763776
84 85 -256.3445270443476
85 85  256.3445270443476
86 86  421.869174511922
87 86 -280.1905295601009
140 86 -56.41112427370678
142 86 -28.5363696030591
422 86 -56.73115107505532
86 87 -280.1905295601009
87 87  280.1905295601009
88 88  320.1037987338263
89 88 -258.7991718426501
186 88 -49.20775514221041
456 88 -12.09687174896572
88 89 -258.7991718426501
89 89  258.7991718426501
15 90 -21.69903439296951
90 90  318.8319790856115
91 90 -276.4722145424385
132 90 -20.66073015020351
90 91 -276.4722145424385
91 91  276.4722145424385
92 92  351.4028423712758
93 92 -304.7851264858275
268 92 -27.80481023217017
335 92 -18.81290565327815
92 93 -304.7851264858275
93 93  304.7851264858275
94 94  382.1823426732049
95 94 -307.4085459575776
169 94 -49.33885928557331
368 94 -25.43493743005392
94 95 -307.4085459575776
95 95  307.4085459575776
96 96  326.4099294482338
97 96 -250.8780732563974
180 96 -34.80197675227953
357 96 -40.72987943955686
96 97 -250.8780732563974
97 97  250.8780732563974
98 98  649.9384110051916
99 98 -276.243093922652
100 98 -303.5822707953856
464 98 -38.72966692486445
471 98 -31.38337936228973
98 99 -276.243093922652
99 99  276.243093922652
98 100 -303.5822707953856
100 100  303.5822707953856
101 101  305.1850819410046
102 101 -258.1311306143521
307 101 -18.43182069524828
418 101 -28.6221306314042
101 102 -258.1311306143521
102 102  258.1311306143521
30 103 -18.84587840639252
103 103  306.5007347983435
104 103 -266.5955745134631
190 103 -21.05928187848794
103 104 -266.5955745134631
104 104  266.5955745134631
105 105  368.651055291343
106 105 -311.9151590767311
190 105 -23.30785008390826
235 105 -33.42804613070366
105 106 -311.9151590767311
106 106  311.9151590767311
107 107  412.2945141488923
108 107 -332.2259136212625
471 107 -51.22688386865427
494 107 -28.84171665897554
107 108 -332.2259136212625
108 108  332.2259136212625
109 109  333.2805990574566
110 109 -269.6871628910464
273 109 -33.31334532613765
315 109 -30.28009084027252
109 110 -269.6871628910464
110 110  269.6871628910464
18 111 -22.0531480868894
20 111 -20.45157068062827
32 111 -14.74752241623407
111 111  514.1739283563991
112 111 -320.6155819172812
192 111 -36.3187332025859
235 111 -16.45359264195337
282 111 -12.08313194780087
371 111 -51.9022162246328
498 111 -19.54843123839312
111 112 -320.6155819172812
112 112  320.6155819172812
113 113  625.2848923270769
114 113 -297.6190476190476
115 113 -293.1691586045148
190 113 -18.73922494565625
311 113 -15.75746115785824
113 114 -297.6190476190476
114 114  297.6190476190476
113 115 -293.1691586045148
115 115  293.1691586045148
116 116  330.3913152956997
117 116 -259.6728122565568
425 116 -34.36544211141276
489 116 -36.35306092773011
116 117 -259.6728122565568
117 117  259.6728122565568
118 118  442.9857288915944
119 118 -326.9042170644001
128 118 -46.39510067736847
252 118 -69.68641114982579
118 119 -326.9042170644001
119 119  326.9042170644001
120 120  315.5818109507
121 120 -260.0104004160166
275 120 -40.87806074479827
286 120 -14.6933497898851
120 121 -260.0104004160166
121 121  260.0104004160166
56 122 -40.93830597289884
122 122  583.402505671157
123 122 -69.54102920723227
124 122 -24.60629921259842
125 122 -45.68296025582458
126 122 -20.86811352253756
127 122 -63.09148264984227
164 122 -318.674314850223
122 123 -69.54102920723227
123 123  137.161969277863
259 123 -53.45021112833395
368 123 -14.17072894229679
122 124 -24.60629921259842
124 124  24.60629921259842
122 125 -45.68296025582458
125 125  45.68296025582458
122 126 -20.86811352253756
126 126  20.86811352253756
122 127 -63.09148264984227
127 127  63.09148264984227
118 128 -46.39510067736847
128 128  448.8923549696322
129 128 -310.4625892579944
303 128 -33.99972800217598
323 128 -58.03493703209332
128 129 -310.4625892579944
129 129  310.4625892579944
39 130 -37.47985457816424
59 130 -54.92091388400704
130 130  415.7855036834009
131 130 -276.625172890733
332 130 -46.75956233049659
130 131 -276.625172890733
131 131  276.625172890733
90 132 -20.66073015020351
132 132  401.5606550360521
133 132 -324.3593902043464
225 132 -16.92706129288894
368 132 -17.71102688533881
472 132 -21.90244650327442
132 133 -324.3593902043464
133 133  324.3593902043464
134 134  303.5087283084296
135 134 -273.224043715847
286 134 -14.40486308177641
456 134 -15.87982151080622
134 135 -273.224043715847
135 135  273.224043715847
136 136  366.8344280445964
137 136 -263.9915522703274
213 136 -33.37672307332866
425 136 -69.46615270094033
136 137 -263.9915522703274
137 137  263.9915522703274
138 138  424.1349828093283
139 138 -314.2677561282213
375 138 -38.91504844923531
428 138 -70.95217823187171
138 139 -314.2677561282213
139 139  314.2677561282213
86 140 -56.41112427370678
140 140  389.8901575501043
141 140 -292.654375182909
299 140 -40.82465809348847
140 141 -292.654375182909
141 141  292.654375182909
86 142 -28.5363696030591
142 142  256.0728235237753
143 142 -26.10966057441253
144 142 -59.34718100890208
337 142 -51.52248956669587
400 142 -25.66932772030701
451 142 -13.81788033715628
495 142 -51.06991471324243
142 143 -26.10966057441253
143 143  26.10966057441253
142 144 -59.34718100890208
144 144  59.34718100890208
145 145  493.6743880317575
146 145 -17.96945193171608
161 145 -244.9179524859172
194 145 -230.7869836141242
145 146 -17.96945193171608
146 146  304.7948239291428
147 146 -254.1296060991105
474 146 -32.69576589831617
146 147 -254.1296060991105
147 147  254.1296060991105
80 148 -37.86444528587656
148 148  375.0080545095113
149 148 -270.7825616030328
292 148 -23.74620060790274
488 148 -42.61484701269922
148 149 -270.7825616030328
149 149  270.7825616030328
22 150 -383.5826620636747
150 150  599.2054160786867
151 150 -49.26108374384237
427 150 -166.3616702711695
150 151 -49.26108374384237
151 151  418.9303724604957
152 151 -321.3367609254499
237 151 -48.33252779120348
151 152 -321.3367609254499
152 152  321.3367609254499
153 153  395.5286261690384
154 153 -332.7787021630616
428 153 -49.13522012578617
487 153 -13.61470388019061
153 154 -332.7787021630616
154 154  332.7787021630616
45 155 -15.75249677073816
155 155  353.7253062740348
156 155 -279.4076557697681
487 155 -58.56515373352855
155 156 -279.4076557697681
156 156  279.4076557697681
157 157  296.3657263915349
158 157 -258.1977794990963
232 157 -17.88109074653554
290 157 -20.28685614590307
157 158 -258.1977794990963
158 158  258.1977794990963
159 159  347.9902625741271
160 159 -280.2690582959641
211 159 -40.56795131845842
398 159 -27.15325295970457
159 160 -280.2690582959641
160 160  280.2690582959641
145 161 -244.9179524859172
161 161  837.2358385092077
162 161 -100.9081735620585
194 161 -305.3435114503816
219 161 -54.38329345225146
231 161 -131.6829075585989
161 162 -100.9081735620585
162 162  385.0955904426589
163 162 -250.8151492350138
199 162 -33.37226764558652
162 163 -250.8151492350138
163 163  250.8151492350138
122 164 -318.674314850223
164 164  643.0572237188132
165 164 -114.8105625717566
166 164 -46.36068613815485
167 164 -28.17695125387433
168 164 -39.09304143862393
385 164 -95.94166746618056
164 165 -114.8105625717566
165 165  241.3804498479882
227 165 -22.49971875351558
259 165 -54.79452054794521
288 165 -49.27564797477087
164 166 -46.36068613815485
166 166  46.36068613815485
164 167 -28.17695125387433
167 167  28.17695125387433
164 168 -39.09304143862393
168 168  39.09304143862393
94 169 -49.33885928557331
169 169  337.8485397873447
170 169 -264.9708532061473
225 169 -23.53882729562413
169 170 -264.9708532061473
170 170  264.9708532061473
171 171  705.3508288143589
172 171 -319.0810465858328
173 171 -329.0556103981573
201 171 -25.5676007363469
243 171 -31.64657109402196
171 172 -319.0810465858328
172 172  319.0810465858328
171 173 -329.0556103981573
173 173  329.0556103981573
174 174  88.58352778497969
175 174 -25.92688618096966
219 174 -62.65664160401003
36 175 -34.27004797806717
174 175 -25.92688618096966
175 175  681.4882234642075
176 175 -274.0476842970677
177 175 -316.8567807351077
317 175 -30.38682427299523
175 176 -274.0476842970677
176 176  274.0476842970677
175 177 -316.8567807351077
177 177  316.8567807351077
178 178  369.3603175920086
179 178 -302.8467595396729
290 178 -17.46114894360049
344 178 -21.4555441125987
373 178 -27.59686499613644
178 179 -302.8467595396729
179 179  302.8467595396729
96 180 -34.80197675227953
180 180  341.8296617634327
181 180 -269.179004037685
486 180 -37.84868097346808
180 181 -269.179004037685
181 181  269.179004037685
182 182  413.8033241451174
183 182 -332.4468085106383
246 182 -52.999788000848
273 182 -28.35672763363108
182 183 -332.4468085106383
183 183  332.4468085106383
184 184  415.6833398194458
185 184 -326.1578604044357
444 184 -35.45973547037339
466 184 -54.06574394463668
184 185 -326.1578604044357
185 185  326.1578604044357
88 186 -49.20775514221041
186 186  375.0446253311467
187 186 -317.9650238473768
453 186 -7.871846341559412
186 187 -317.9650238473768
187 187  317.9650238473768
30 188 -18.24817518248175
73 188 -18.48975667480216
188 188  368.9638454785464
189 188 -332.2259136212625
188 189 -332.2259136212625
189 189  332.2259136212625
34 190 -26.99638248474704
41 190 -17.1174255391989
103 190 -21.05928187848794
105 190 -23.30785008390826
113 190 -18.73922494565625
190 190  412.6133043070602
191 190 -265.6748140276302
204 190 -19.5537826792593
292 190 -20.16454266817229
190 191 -265.6748140276302
191 191  265.6748140276302
18 192 -46.89771608122684
111 192 -36.3187332025859
192 192  346.2359127241073
193 192 -263.0194634402946
192 193 -263.0194634402946
193 193  263.0194634402946
145 194 -230.7869836141242
161 194 -305.3435114503816
194 194  851.0509144963672
195 194 -69.3000693000693
196 194 -32.23726627981947
197 194 -45.76659038901602
370 194 -167.6164934629568
20 195 -49.39003309132217
194 195 -69.3000693000693
195 195  420.6224695411499
198 195 -301.9323671497585
194 196 -32.23726627981947
196 196  32.23726627981947
194 197 -45.76659038901602
197 197  45.76659038901602
195 198 -301.9323671497585
198 198  301.9323671497585
43 199 -51.78395733001916
162 199 -33.37226764558652
199 199  400.2160863492667
200 199 -315.059861373661
199 200 -315.059861373661
200 200  315.059861373661
171 201 -25.5676007363469
201 201  578.5277034061189
202 201 -276.3957987838585
203 201 -257.1355104139882
379 201 -19.42879347192539
201 202 -276.3957987838585
202 202  276.3957987838585
201 203 -257.1355104139882
203 203  257.1355104139882
30 204 -13.35666297132324
190 204 -19.5537826792593
204 204  649.5420301691209
205 204 -330.2509907529723
206 204 -270.2702702702703
311 204 -16.11032349529578
204 205 -330.2509907529723
205 205  330.2509907529723
204 206 -270.2702702702703
206 206  270.2702702702703
207 207  354.8932905750815
208 207 -277.700638711469
321 207 -36.41793218981026
355 207 -40.77471967380224
207 208 -277.700638711469
208 208  277.700638711469
23 209 -49.15454187966968
209 209  341.5525865478469
210 209 -264.3404705260376
487 209 -28.05757414213967
209 210 -264.3404705260376
210 210  264.3404705260376
159 211 -40.56795131845842
211 211  379.2473901693352
212 211 -271.370420624152
398 211 -31.14003674524336
407 211 -36.16898148148148
211 212 -271.370420624152
212 212  271.370420624152
136 213 -33.37672307332866
213 213  320.3330366008927
214 213 -262.2606871230003
402 213 -24.69562640456375
213 214 -262.2606871230003
214 214  262.2606871230003
12 215 -26.28259041211102
69 215 -41.99916001679966
215 215  387.8726740466799
216 215 -319.5909236177692
215 216 -319.5909236177692
216 216  319.5909236177692
30 217 -12.58716612541852
217 217  308.9464297854183
218 217 -273.4481815695926
398 217 -22.91108209040713
217 218 -273.4481815695926
218 218  273.4481815695926
161 219 -54.38329345225146
174 219 -62.65664160401003
219 219  543.7360392271565
220 219 -34.47087211306446
221 219 -44.9438202247191
222 219 -32.65839320705421
223 219 -83.19467554076539
224 219 -161.0305958132045
470 219 -70.39774727208729
219 220 -34.47087211306446
220 220  125.516865164029
446 220 -26.2336367690653
477 220 -34.29943405933802
492 220 -30.51292222256126
219 221 -44.9438202247191
221 221  44.9438202247191
219 222 -32.65839320705421
222 222  32.65839320705421
219 223 -83.19467554076539
223 223  83.19467554076539
219 224 -161.0305958132045
224 224  161.0305958132045
132 225 -16.92706129288894
169 225 -23.53882729562413
225 225  339.2409109966397
226 225 -298.7750224081267
225 226 -298.7750224081267
226 226  298.7750224081267
165 227 -22.49971875351558
227 227  339.1548238667478
228 227 -278.629144608526
467 227 -21.28927871923699
473 227 -16.73668178546921
227 228 -278.629144608526
228 228  278.629144608526
15 229 -9.559589702409973
229 229  52.74013440372796
230 229 -5.297451925623776
284 229 -37.88309277569421
229 230 -5.297451925623776
230 230  5.297451925623776
7 231 -67.53106428957321
161 231 -131.6829075585989
231 231  909.3171838739804
232 231 -48.30917874396135
261 231 -275.709953129308
370 231 -153.0924678505818
452 231 -232.9916123019571
52 232 -46.15313610559838
157 232 -17.88109074653554
231 232 -48.30917874396135
232 232  451.1271686568627
233 232 -292.8257686676428
485 232 -45.95799439312469
232 233 -292.8257686676428
233 233  292.8257686676428
234 234  338.7497880629944
235 234 -35.86800573888092
270 234 -241.779497098646
406 234 -61.10228522546744
105 235 -33.42804613070366
111 235 -16.45359264195337
234 235 -35.86800573888092
235 235  408.5754391382943
236 235 -298.6857825567503
282 235 -24.14001207000604
235 236 -298.6857825567503
236 236  298.6857825567503
45 237 -33.23031934336889
151 237 -48.33252779120348
237 237  357.8822723901678
238 237 -276.3194252555955
237 238 -276.3194252555955
238 238  276.3194252555955
73 239 -24.58814851241702
239 239  285.0167261929853
240 239 -251.0670348983178
271 239 -9.361542782250515
239 240 -251.0670348983178
240 240  251.0670348983178
241 241  319.2886452021738
242 241 -270.1242571582928
286 241 -14.76821289855715
319 241 -34.39617514532384
241 242 -270.1242571582928
242 242  270.1242571582928
171 243 -31.64657109402196
243 243  378.267724554917
244 243 -317.1582619727244
425 243 -29.46289148817065
243 244 -317.1582619727244
244 244  317.1582619727244
245 245  363.7816466656459
246 245 -14.73839351510686
247 245 -18.37897445322551
248 245 -18.42638658559057
249 245 -99.2063492063492
331 245 -74.79431563201197
427 245 -68.66717022591499
470 245 -69.57005704744678
182 246 -52.999788000848
245 246 -14.73839351510686
246 246  67.73818151595485
245 247 -18.37897445322551
247 247  18.37897445322551
245 248 -18.42638658559057
248 248  18.42638658559057
245 249 -99.2063492063492
249 249  99.2063492063492
250 250  307.3678290600287
251 250 -258.8661661920787
359 250 -24.06970586819429
416 250 -24.43195699975568
250 251 -258.8661661920787
251 251  258.8661661920787
57 252 -22.97794117647059
118 252 -69.68641114982579
252 252  471.7249811561153
253 252 -7.433286255853712
254 252 -9.435742592942065
255 252 -5.299136240792751
256 252 -12.35025318019019
257 252 -3.856685564425932
258 252 -279.4076557697681
346 252 -40.83466045979828
416 252 -20.44320876604792
252 253 -7.433286255853712
253 253  7.433286255853712
252 254 -9.435742592942065
254 254  9.435742592942065
252 255 -5.299136240792751
255 255  5.299136240792751
252 256 -12.35025318019019
256 256  12.35025318019019
252 257 -3.856685564425932
257 257  3.856685564425932
252 258 -279.4076557697681
258 258  279.4076557697681
123 259 -53.45021112833395
165 259 -54.79452054794521
259 259  409.8128860791742
260 259 -301.5681544028951
259 260 -301.5681544028951
260 260  301.5681544028951
7 261 -72.73256236817222
231 261 -275.709953129308
261 261  452.7516275726116
262 261 -54.73453749315818
263 261 -19.98001998001998
264 261 -29.59455460195324
261 262 -54.73453749315818
262 262  597.8813764134743
265 262 -293.5995302407516
275 262 -120.5400192864031
325 262 -41.27285484336952
475 262 -57.6601510695958
490 262 -30.07428348019608
261 263 -19.98001998001998
263 263  19.98001998001998
261 264 -29.59455460195324
264 264  29.59455460195324
262 265 -293.5995302407516
265 265  293.5995302407516
30 266 -21.26709342634142
266 266  324.2518436472726
267 266 -279.7202797202797
311 266 -23.26447050065141
266 267 -279.7202797202797
267 267  279.7202797202797
92 268 -27.80481023217017
268 268  308.7169878047047
269 268 -251.4458134272065
474 268 -29.46636414532811
268 269 -251.4458134272065
269 269  251.4458134272065
234 270 -241.779497098646
270 270  268.3399220654455
271 270 -26.56042496679947
18 271 -45.41326067211625
84 271 -24.70966147763776
239 271 -9.361542782250515
270 271 -26.56042496679947
271 271  356.2325306293519
272 271 -250.1876407305479
271 272 -250.1876407305479
272 272  250.1876407305479
109 273 -33.31334532613765
182 273 -28.35672763363108
273 273  86.17387104847248
274 273 -24.50379808870375
273 274 -24.50379808870375
274 274  24.50379808870375
52 275 -69.32889628397116
120 275 -40.87806074479827
262 275 -120.5400192864031
275 275  837.3915172414655
276 275 -273.000273000273
277 275 -259.7402597402597
319 275 -32.441200324412
484 275 -41.46280786134837
275 276 -273.000273000273
276 276  273.000273000273
275 277 -259.7402597402597
277 277  259.7402597402597
278 278  374.5317630307149
279 278 -324.5699448231094
339 278 -17.4584053492554
467 278 -32.50341285835012
278 279 -324.5699448231094
279 279  324.5699448231094
280 280  371.8762910602005
281 280 -276.4722145424385
309 280 -46.26630887387804
327 280 -21.94907813871817
383 280 -27.18868950516585
280 281 -276.4722145424385
281 281  276.4722145424385
111 282 -12.08313194780087
235 282 -24.14001207000604
282 282  286.9754007881178
283 282 -250.7522567703109
282 283 -250.7522567703109
283 283  250.7522567703109
229 284 -37.88309277569421
284 284  376.2285739197084
285 284 -306.1849357011635
486 284 -32.16054544285071
284 285 -306.1849357011635
285 285  306.1849357011635
8 286 -27.94388867154753
61 286 -19.09672491167765
120 286 -14.6933497898851
134 286 -14.40486308177641
241 286 -14.76821289855715
286 286  392.93585023503
287 286 -261.9172341540073
414 286 -25.46213780108978
475 286 -14.64943892648911
286 287 -261.9172341540073
287 287  261.9172341540073
165 288 -49.27564797477087
288 288  329.9982563096945
289 288 -262.6740215392697
467 288 -18.0485867956539
288 289 -262.6740215392697
289 289  262.6740215392697
157 290 -20.28685614590307
178 290 -17.46114894360049
290 290  348.210594347498
291 290 -310.4625892579944
290 291 -310.4625892579944
291 291  310.4625892579944
148 292 -23.74620060790274
190 292 -20.16454266817229
292 292  347.86211105723
293 292 -303.951367781155
292 293 -303.951367781155
293 293  303.951367781155
67 294 -24.39321868520551
294 294  410.058721459886
295 294 -291.2904165452957
313 294 -32.61897772123822
446 294 -31.87860626733399
476 294 -29.87750224081267
294 295 -291.2904165452957
295 295  291.2904165452957
64 296 -75.80351728320194
296 296  464.8867307003055
297 296 -31.89792663476874
424 296 -250.1876407305479
439 296 -106.9976460517869
296 297 -31.89792663476874
297 297  339.2125342693931
298 297 -275.178866263071
425 297 -32.13574137155344
297 298 -275.178866263071
298 298  275.178866263071
140 299 -40.82465809348847
299 299  359.3994720477382
300 299 -12.30617770120601
301 299 -12.76487107480214
302 299 -250.1876407305479
404 299 -30.86515015895553
477 299 -12.45097428873809
299 300 -12.30617770120601
300 300  12.30617770120601
299 301 -12.76487107480214
301 301  12.76487107480214
299 302 -250.1876407305479
302 302  250.1876407305479
12 303 -47.18984474541078
128 303 -33.99972800217598
303 303  375.490572923961
304 303 -1.865915324762562
305 303 -4.001280409731114
306 303 -288.4338044418806
303 304 -1.865915324762562
304 304  1.865915324762562
303 305 -4.001280409731114
305 305  4.001280409731114
303 306 -288.4338044418806
306 306  288.4338044418806
65 307 -14.5032632342277
101 307 -18.43182069524828
307 307  298.2438511774315
308 307 -250.3128911138923
499 307 -14.99587613406313
307 308 -250.3128911138923
308 308  250.3128911138923
280 309 -46.26630887387804
309 309  362.2448871583718
310 309 -278.7844995818232
357 309 -37.19407870267054
309 310 -278.7844995818232
310 310  278.7844995818232
113 311 -15.75746115785824
204 311 -16.11032349529578
266 311 -23.26447050065141
311 311  328.240048113425
312 311 -251.5090543259557
398 311 -21.59873863366379
311 312 -251.5090543259557
312 312  251.5090543259557
67 313 -57.69008884273682
294 313 -32.61897772123822
313 313  408.4764225932464
314 313 -318.1673560292714
313 314 -318.1673560292714
314 314  318.1673560292714
5 315 -42.58943781942078
109 315 -30.28009084027252
315 315  401.2767536186424
316 315 -328.4072249589491
315 316 -328.4072249589491
316 316  328.4072249589491
175 317 -30.38682427299523
317 317  143.5267957232888
318 317 -13.18217769575534
335 317 -19.93858914543207
377 317 -80.01920460910618
317 318 -13.18217769575534
318 318  13.18217769575534
241 319 -34.39617514532384
275 319 -32.441200324412
319 319  343.1568007253313
320 319 -276.3194252555955
319 320 -276.3194252555955
320 320  276.3194252555955
57 321 -103.1592538107401
207 321 -36.41793218981026
321 321  530.5769548761434
322 321 -321.646831778707
323 321 -69.35293709688605
321 322 -321.646831778707
322 322  321.646831778707
128 323 -58.03493703209332
321 323 -69.35293709688605
323 323  396.7844258531173
324 323 -269.3965517241379
323 324 -269.3965517241379
324 324  269.3965517241379
262 325 -41.27285484336952
325 325  398.0442262723301
326 325 -313.1850923896022
490 325 -43.58627903935841
325 326 -313.1850923896022
326 326  313.1850923896022
77 327 -20.06863473077927
280 327 -21.94907813871817
327 327  371.6156034429978
328 327 -329.5978905735004
327 328 -329.5978905735004
328 328  329.5978905735004
329 329  376.4430579295427
330 329 -257.5991756826378
332 329 -68.61534239055852
448 329 -50.22853985634638
329 330 -257.5991756826378
330 330  257.5991756826378
38 331 -172.8309713100587
245 331 -74.79431563201197
331 331  578.2725382118315
332 331 -37.821482602118
470 331 -292.8257686676428
130 332 -46.75956233049659
329 332 -68.61534239055852
331 332 -37.821482602118
332 332  747.6190327470702
333 332 -312.8911138923655
334 332 -281.5315315315315
332 333 -312.8911138923655
333 333  312.8911138923655
332 334 -281.5315315315315
334 334  281.5315315315315
92 335 -18.81290565327815
317 335 -19.93858914543207
335 335  331.8796864011286
336 335 -256.1475409836066
377 335 -20.50482888720294
491 335 -16.47582173160886
335 336 -256.1475409836066
336 336  256.1475409836066
142 337 -51.52248956669587
337 337  382.9401750093676
338 337 -275.5580049600441
458 337 -55.85968048262764
337 338 -275.5580049600441
338 338  275.5580049600441
278 339 -17.4584053492554
339 339  305.5607133123303
340 339 -259.9428125812321
459 339 -28.15949538184276
339 340 -259.9428125812321
340 340  259.9428125812321
10 341 -36.86907790436161
82 341 -25.30364372469636
341 341  595.8046157492081
342 341 -275.6339581036383
343 341 -257.9979360165119
341 342 -275.6339581036383
342 342  275.6339581036383
341 343 -257.9979360165119
343 343  257.9979360165119
178 344 -21.4555441125987
344 344  350.6840614963849
345 344 -313.8731952291274
414 344 -15.3553221546588
344 345 -313.8731952291274
345 345  313.8731952291274
252 346 -40.83466045979828
346 346  381.0881199152751
347 346 -320.6155819172812
416 346 -19.63787753819567
346 347 -320.6155819172812
347 347  320.6155819172812
10 348 -74.29420505200595
348 348  168.3870089421324
349 348 -13.96648044692737
350 348 -12.61829652996845
351 348 -13.86770212175843
352 348 -13.85041551246537
402 348 -39.78990927900684
348 349 -13.96648044692737
349 349  13.96648044692737
348 350 -12.61829652996845
350 350  12.61829652996845
348 351 -13.86770212175843
351 351  13.86770212175843
348 352 -13.85041551246537
352 352  13.85041551246537
353 353  311.6023115017953
354 353 -265.9574468085107
420 353 -21.84837229626393
478 353 -23.79649239702068
353 354 -265.9574468085107
354 354  265.9574468085107
207 355 -40.77471967380224
355 355  369.3059203706381
356 355 -291.970802919708
381 355 -36.56039777712781
355 356 -291.970802919708
356 356  291.970802919708
47 357 -24.22304580577962
96 357 -40.72987943955686
309 357 -37.19407870267054
357 357  387.3723319571342
358 357 -285.2253280091272
357 358 -285.2253280091272
358 358  285.2253280091272
23 359 -44.02571101523289
250 359 -24.06970586819429
359 359  382.0385435044032
360 359 -2.965247301624956
361 359 -8.476012883539584
362 359 -8.625894936599671
363 359 -281.0567734682406
416 359 -12.81919803097118
359 360 -2.965247301624956
360 360  2.965247301624956
359 361 -8.476012883539584
361 361  8.476012883539584
359 362 -8.625894936599671
362 362  8.625894936599671
359 363 -281.0567734682406
363 363  281.0567734682406
364 364  337.38932805919
365 364 -255.4278416347382
373 364 -36.72285263119239
453 364 -45.23863379325945
364 365 -255.4278416347382
365 365  255.4278416347382
15 366 -54.30060816681147
366 366  395.7732731029004
367 366 -311.1387678904792
460 366 -17.23305990211622
467 366 -13.10083714349347
366 367 -311.1387678904792
367 367  311.1387678904792
15 368 -58.78894767783656
94 368 -25.43493743005392
123 368 -14.17072894229679
132 368 -17.71102688533881
368 368  442.5829507624931
369 368 -326.477309826967
368 369 -326.477309826967
369 369  326.477309826967
194 370 -167.6164934629568
231 370 -153.0924678505818
370 370  348.4713155611787
371 370 -27.7623542476402
111 371 -51.9022162246328
370 371 -27.7623542476402
371 371  394.0311218712042
372 371 -314.3665513989312
371 372 -314.3665513989312
372 372  314.3665513989312
178 373 -27.59686499613644
364 373 -36.72285263119239
373 373  396.877083772989
374 373 -332.5573661456601
373 374 -332.5573661456601
374 374  332.5573661456601
138 375 -38.91504844923531
375 375  474.8005357842454
376 375 -298.0625931445604
428 375 -37.93338896897049
459 375 -46.37143519591931
468 375 -22.20544477505885
494 375 -31.312625250501
375 376 -298.0625931445604
376 376  298.0625931445604
317 377 -80.01920460910618
335 377 -20.50482888720294
377 377  362.372684975754
378 377 -261.8486514794449
377 378 -261.8486514794449
378 378  261.8486514794449
201 379 -19.42879347192539
379 379  328.5258689105688
380 379 -278.5515320334262
492 379 -30.54554340521718
379 380 -278.5515320334262
380 380  278.5515320334262
26 381 -32.34989648033127
355 381 -36.56039777712781
381 381  348.7871484416181
382 381 -279.876854184159
381 382 -279.876854184159
382 382  279.876854184159
280 383 -27.18868950516585
383 383  380.3179785619321
384 383 -317.6620076238881
440 383 -35.46728143287817
383 384 -317.6620076238881
384 384  317.6620076238881
14 385 -439.7054452035758
22 385 -41.92696323005325
164 385 -95.94166746618056
385 385  1078.620850276105
386 385 -120.9921355111918
387 385 -23.56823002592505
388 385 -27.96420581655481
389 385 -36.65689149560117
390 385 -40.79967360261118
391 385 -30.31221582297666
392 385 -29.85965959988056
393 385 -45.45454545454546
394 385 -17.78093883357041
395 385 -46.12546125461255
439 385 -81.53281695882593
77 386 -44.23017382458313
385 386 -120.9921355111918
386 386  875.7977888538987
396 386 -303.0303030303031
397 386 -321.9575016097875
466 386 -34.59848458637511
469 386 -50.98919029165817
385 387 -23.56823002592505
387 387  23.56823002592505
385 388 -27.96420581655481
388 388  27.96420581655481
385 389 -36.65689149560117
389 389  36.65689149560117
385 390 -40.79967360261118
390 390  40.79967360261118
385 391 -30.31221582297666
391 391  30.31221582297666
385 392 -29.85965959988056
392 392  29.85965959988056
385 393 -45.45454545454546
393 393  45.45454545454546
385 394 -17.78093883357041
394 394  17.78093883357041
385 395 -46.12546125461255
395 395  46.12546125461255
386 396 -303.0303030303031
396 396  303.0303030303031
386 397 -321.9575016097875
397 397  321.9575016097875
34 398 -18.47643330931397
159 398 -27.15325295970457
211 398 -31.14003674524336
217 398 -22.91108209040713
311 398 -21.59873863366379
398 398  437.7811083634281
399 398 -252.1432173474534
407 398 -64.35834727764191
398 399 -252.1432173474534
399 399  252.1432173474534
5 400 -21.31287297527707
142 400 -25.66932772030701
400 400  316.378752419722
401 400 -269.3965517241379
400 401 -269.3965517241379
401 401  269.3965517241379
213 402 -24.69562640456375
348 402 -39.78990927900684
402 402  353.0025581878983
403 402 -288.5170225043278
402 403 -288.5170225043278
403 403  288.5170225043278
299 404 -30.86515015895553
404 404  336.5746723234422
405 404 -281.610813855252
491 404 -24.09870830923463
404 405 -281.610813855252
405 405  281.610813855252
79 406 -92.37875288683603
234 406 -61.10228522546744
406 406  393.9713464673498
407 406 -73.20644216691069
408 406 -16.36661211129296
409 406 -23.82654276864427
410 406 -42.57130693912303
411 406 -37.13330857779428
412 406 -24.77700693756194
413 406 -22.6090888537192
211 407 -36.16898148148148
398 407 -64.35834727764191
406 407 -73.20644216691069
407 407  173.7337709260341
406 408 -16.36661211129296
408 408  16.36661211129296
406 409 -23.82654276864427
409 409  23.82654276864427
406 410 -42.57130693912303
410 410  42.57130693912303
406 411 -37.13330857779428
411 411  37.13330857779428
406 412 -24.77700693756194
412 412  24.77700693756194
406 413 -22.6090888537192
413 413  22.6090888537192
286 414 -25.46213780108978
344 414 -15.3553221546588
414 414  301.6416644419249
415 414 -260.8242044861763
414 415 -260.8242044861763
415 415  260.8242044861763
250 416 -24.43195699975568
252 416 -20.44320876604792
346 416 -19.63787753819567
359 416 -12.81919803097118
416 416  444.7093611063718
417 416 -284.3332385555871
467 416 -30.61005846521167
468 416 -22.30698877958464
473 416 -30.12683397101798
416 417 -284.3332385555871
417 417  284.3332385555871
47 418 -22.45929253228523
101 418 -28.6221306314042
418 418  317.5349270272652
419 418 -266.4535038635758
418 419 -266.4535038635758
419 419  266.4535038635758
1 420 -19.39676074095626
353 420 -21.84837229626393
420 420  363.2026346470077
421 420 -321.9575016097875
420 421 -321.9575016097875
421 421  321.9575016097875
86 422 -56.73115107505532
422 422  343.3506039025434
423 422 -258.7991718426501
495 422 -27.82028098483795
422 423 -258.7991718426501
423 423  258.7991718426501
296 424 -250.1876407305479
424 424  281.2531890374756
425 424 -31.06554830692761
116 425 -34.36544211141276
136 425 -69.46615270094033
243 425 -29.46289148817065
297 425 -32.13574137155344
424 425 -31.06554830692761
425 425  526.8558684798306
426 425 -330.3600925008259
425 426 -330.3600925008259
426 426  330.3600925008259
38 427 -144.9695563931574
150 427 -166.3616702711695
245 427 -68.66717022591499
427 427  896.459516592912
428 427 -115.2073732718894
429 427 -15.73564122738002
430 427 -27.4273176083379
431 427 -31.49606299212599
432 427 -10.991426687184
433 427 -44.1696113074205
434 427 -35.38570417551309
435 427 -69.88120195667365
436 427 -54.22993492407809
437 427 -43.06632213608957
438 427 -68.87052341597796
138 428 -70.95217823187171
153 428 -49.13522012578617
375 428 -37.93338896897049
427 428 -115.2073732718894
428 428  332.0724585860428
465 428 -58.84429798752501
427 429 -15.73564122738002
429 429  15.73564122738002
427 430 -27.4273176083379
430 430  27.4273176083379
427 431 -31.49606299212599
431 431  31.49606299212599
427 432 -10.991426687184
432 432  10.991426687184
427 433 -44.1696113074205
433 433  44.1696113074205
427 434 -35.38570417551309
434 434  35.38570417551309
427 435 -69.88120195667365
435 435  69.88120195667365
427 436 -54.22993492407809
436 436  54.22993492407809
427 437 -43.06632213608957
437 437  43.06632213608957
427 438 -68.87052341597796
438 438  68.87052341597796
56 439 -114.6000458400183
296 439 -106.9976460517869
385 439 -81.53281695882593
439 439  408.9503581373392
440 439 -34.80682213713888
441 439 -22.37637055269635
442 439 -37.46721618583739
443 439 -11.16944041103541
12 440 -66.55574043261231
383 440 -35.46728143287817
439 440 -34.80682213713888
440 440  136.8298440026294
439 441 -22.37637055269635
441 441  22.37637055269635
439 442 -37.46721618583739
442 442  37.46721618583739
439 443 -11.16944041103541
443 443  11.16944041103541
184 444 -35.45973547037339
444 444  346.3287723947742
445 444 -279.4076557697681
460 444 -31.46138115463269
444 445 -279.4076557697681
445 445  279.4076557697681
220 446 -26.2336367690653
294 446 -31.87860626733399
446 446  318.3933466282786
447 446 -260.2811035918792
446 447 -260.2811035918792
447 447  260.2811035918792
329 448 -50.22853985634638
448 448  725.7487962314651
449 448 -300.4807692307692
450 448 -313.1850923896022
494 448 -61.85439475474733
448 449 -300.4807692307692
449 449  300.4807692307692
448 450 -313.1850923896022
450 450  313.1850923896022
75 451 -51.75447676223994
142 451 -13.81788033715628
451 451  65.57235709939621
231 452 -232.9916123019571
452 452  387.5366477531093
453 452 -32.71180896303566
454 452 -61.88118811881188
455 452 -59.95203836930455
28 453 -44.13841807909605
186 453 -7.871846341559412
364 453 -45.23863379325945
452 453 -32.71180896303566
453 453  180.7530680058819
484 453 -50.79236082893133
452 454 -61.88118811881188
454 454  61.88118811881188
452 455 -59.95203836930455
455 455  59.95203836930455
